>> IG_AmNat_orig

flags =

     1     1


d1_d2 =

    0.3978    0.0000


lowerconf_mean_upperconf_d =

    0.0553    0.3969    0.7862
    0.0000    0.0346    0.2023


min_d =

    0.0000    0.0000    0.0066


max_d =

    1.3822    0.5008    0.0191


cor_d =

    1.0000    0.0522   -0.0143
    0.0522    1.0000   -0.0624
   -0.0143   -0.0624    1.0000


flags =

     1     2


d1_d2 =

    1.2955    0.1858

